2 0 1
6 2 1
4 0 2
8 4 2
1 0 3
7 1 3
5 0 4
10 5 4
3 0 5
9 3 5
12 2 6
17 12 6
11 1 7
18 11 7
14 4 8
21 14 8
13 3 9
22 13 9
15 5 10
25 15 10
6 1 11
16 6 11
8 2 12
20 8 12
7 3 13
19 7 13
10 4 14
24 10 14
9 5 15
23 9 15
17 6 16
31 17 16
27 12 17
38 27 17
26 11 18
37 26 18
18 7 19
32 18 19
21 8 20
33 21 20
29 14 21
40 29 21
28 13 22
45 28 22
22 9 23
34 22 23
25 10 24
35 25 24
30 15 25
43 30 25
16 11 26
36 16 26
20 12 27
39 20 27
19 13 28
44 19 28
24 14 29
41 24 29
23 15 30
42 23 30
38 17 31
52 38 31
37 18 32
53 37 32
40 21 33
56 40 33
45 22 34
57 45 34
43 25 35
60 43 35
31 16 36
51 31 36
46 26 37
62 46 37
47 27 38
65 47 38
33 20 39
55 33 39
49 29 40
69 49 40
35 24 41
59 35 41
34 23 42
58 34 42
50 30 43
64 50 43
32 19 44
54 32 44
48 28 45
68 48 45
36 26 46
61 36 46
39 27 47
66 39 47
44 28 48
67 44 48
41 29 49
70 41 49
42 30 50
63 42 50
52 31 51
76 52 51
65 38 52
82 65 52
62 37 53
83 62 53
53 32 54
77 53 54
56 33 55
78 56 55
69 40 56
86 69 56
68 45 57
87 68 57
57 34 58
79 57 58
60 35 59
80 60 59
64 43 60
89 64 60
51 36 61
81 51 61
71 46 62
92 71 62
58 42 63
88 58 63
75 50 64
98 75 64
72 47 65
93 72 65
55 39 66
85 55 66
54 44 67
84 54 67
73 48 68
99 73 68
74 49 69
96 74 69
59 41 70
90 59 70
61 46 71
91 61 71
66 47 72
94 66 72
67 48 73
95 67 73
70 49 74
100 70 74
63 50 75
97 63 75
82 52 76
107 82 76
83 53 77
108 83 77
86 56 78
111 86 78
87 57 79
112 87 79
89 60 80
115 89 80
76 51 81
106 76 81
93 65 82
117 93 82
92 62 83
125 92 83
77 54 84
109 77 84
78 55 85
110 78 85
96 69 86
120 96 86
99 68 87
121 99 87
79 58 88
113 79 88
98 64 89
124 98 89
80 59 90
114 80 90
81 61 91
116 81 91
101 71 92
127 101 92
102 72 93
128 102 93
85 66 94
119 85 94
84 67 95
118 84 95
103 74 96
132 103 96
88 63 97
122 88 97
104 75 98
135 104 98
105 73 99
131 105 99
90 70 100
123 90 100
91 71 101
126 91 101
94 72 102
129 94 102
100 74 103
133 100 103
97 75 104
134 97 104
95 73 105
130 95 105
107 76 106
141 107 106
117 82 107
147 117 107
125 83 108
148 125 108
108 77 109
142 108 109
111 78 110
143 111 110
120 86 111
151 120 111
121 87 112
152 121 112
112 79 113
145 112 113
115 80 114
144 115 114
124 89 115
155 124 115
106 81 116
146 106 116
128 93 117
159 128 117
109 84 118
149 109 118
110 85 119
150 110 119
132 96 120
163 132 120
131 99 121
162 131 121
113 88 122
154 113 122
114 90 123
153 114 123
135 98 124
165 135 124
127 92 125
158 127 125
116 91 126
157 116 126
138 101 127
136 102 128
119 94 129
160 119 129
118 95 130
161 118 130
139 105 131
137 103 132
123 100 133
156 123 133
122 97 134
164 122 134
140 104 135
129 102 136
167 129 136
128 171 136
171 177 136
133 103 137
168 133 137
132 173 137
173 179 137
126 101 138
166 126 138
127 170 138
170 176 138
130 105 139
172 130 139
131 175 139
175 178 139
134 104 140
169 134 140
135 174 140
174 180 140
147 107 141
148 108 142
151 111 143
155 115 144
152 112 145
141 106 146
159 117 147
158 125 148
142 109 149
143 110 150
163 120 151
162 121 152
144 114 153
145 113 154
165 124 155
153 123 156
146 116 157
150 119 160
149 118 161
154 122 164
157 126 166
160 129 167
156 133 168
164 134 169
127 158 170
211 176 170
201 211 170
128 159 171
212 177 171
202 212 171
161 130 172
132 163 173
214 179 173
209 214 173
135 165 174
215 180 174
204 215 174
131 162 175
213 178 175
208 213 175
166 138 176
167 136 177
172 139 178
168 137 179
169 140 180
182 141 181
141 146 181
147 141 182
192 147 182
148 142 183
193 148 183
183 142 184
142 149 184
186 143 185
143 150 185
151 143 186
196 151 186
152 145 187
197 152 187
189 144 188
144 153 188
155 144 189
199 155 189
187 145 190
145 154 190
181 146 191
146 157 191
159 147 192
202 159 192
158 148 193
201 158 193
184 149 194
149 161 194
185 150 195
150 160 195
163 151 196
209 163 196
162 152 197
208 162 197
188 153 198
153 156 198
165 155 199
204 165 199
190 154 200
154 164 200
170 158 201
171 159 202
198 156 203
156 168 203
174 165 204
191 157 205
157 166 205
195 160 206
160 167 206
194 161 207
161 172 207
175 162 208
173 163 209
200 164 210
164 169 210
218 176 211
201 251 211
216 177 212
202 252 212
219 178 213
208 256 213
217 179 214
209 257 214
220 180 215
204 253 215
206 167 216
167 177 216
203 168 217
168 179 217
205 166 218
166 176 218
207 172 219
172 178 219
210 169 220
169 180 220
182 181 221
227 182 221
186 185 222
226 186 222
229 187 223
187 190 223
228 183 224
183 184 224
189 188 225
230 189 225
196 186 226
242 196 226
192 182 227
239 192 227
193 183 228
238 193 228
197 187 229
241 197 229
199 189 230
236 199 230
221 181 231
181 191 231
224 184 232
184 194 232
222 185 233
185 195 233
223 190 234
190 200 234
225 188 235
188 198 235
204 199 236
253 204 236
231 191 237
191 205 237
201 193 238
251 201 238
202 192 239
252 202 239
232 194 240
194 207 240
208 197 241
256 208 241
209 196 242
257 209 242
233 195 243
195 206 243
235 198 244
198 203 244
234 200 245
200 210 245
218 211 246
254 218 246
220 215 247
259 220 247
216 212 248
260 216 248
219 213 249
255 219 249
217 214 250
258 217 250
246 211 251
248 212 252
247 215 253
237 205 254
205 218 254
240 207 255
207 219 255
249 213 256
250 214 257
244 203 258
203 217 258
245 210 259
210 220 259
243 206 260
206 216 260
227 221 261
274 227 261
226 222 262
271 226 262
230 225 263
273 230 263
228 224 264
275 228 264
229 223 265
272 229 265
261 221 266
221 231 266
264 224 267
224 232 267
262 222 268
222 233 268
265 223 269
223 234 269
263 225 270
225 235 270
242 226 271
292 242 271
241 229 272
294 241 272
236 230 273
295 236 273
239 227 274
291 239 274
238 228 275
293 238 275
266 231 276
231 237 276
268 233 277
233 243 277
267 232 278
232 240 278
269 234 279
234 245 279
270 235 280
235 244 280
287 248 281
248 252 281
254 246 282
299 254 282
282 246 283
246 251 283
285 250 284
250 257 284
258 250 285
297 258 285
290 247 286
247 253 286
260 248 287
296 260 287
255 249 288
300 255 288
288 249 289
249 256 289
259 247 290
298 259 290
252 239 291
281 252 291
257 242 292
284 257 292
251 238 293
283 251 293
256 241 294
289 256 294
253 236 295
286 253 295
277 243 296
243 260 296
280 244 297
244 258 297
279 245 298
245 259 298
276 237 299
237 254 299
278 240 300
240 255 300
293 275 301
307 293 301
292 271 302
309 292 302
291 274 303
311 291 303
294 272 304
314 294 304
295 273 305
312 295 305
271 262 306
302 271 306
317 283 307
283 293 307
272 265 308
304 272 308
640 284 309
284 292 309
275 264 310
301 275 310
320 281 311
281 291 311
639 286 312
286 295 312
274 261 313
303 274 313
637 289 314
289 294 314
273 263 315
305 273 315
306 262 316
262 268 316
636 282 317
282 283 317
313 261 318
261 266 318
310 264 319
264 267 319
287 281 320
629 287 320
323 322 321
325 323 321
322 324 321
326 325 321
324 326 321
328 324 322
332 328 322
327 332 322
327 322 323
333 327 323
329 333 323
330 326 324
334 330 324
328 334 324
329 323 325
335 329 325
331 335 325
331 325 326
336 331 326
330 336 326
337 332 327
338 337 327
340 334 328
339 340 328
341 333 329
342 341 329
344 336 330
343 344 330
345 335 331
346 345 331
339 328 332
347 339 332
337 347 332
338 327 333
348 338 333
341 348 333
343 330 334
349 343 334
340 349 334
342 329 335
350 342 335
345 350 335
346 331 336
351 346 336
344 351 336
357 347 337
352 357 337
352 337 338
359 352 338
353 340 339
358 353 339
365 349 340
353 365 340
360 348 341
354 360 341
354 341 342
361 354 342
355 344 343
366 355 343
363 351 344
355 363 344
362 350 345
356 362 345
356 345 346
364 356 346
358 339 347
367 358 347
357 367 347
359 338 348
368 359 348
360 368 348
366 343 349
369 366 349
365 369 349
361 342 350
370 361 350
362 370 350
364 346 351
371 364 351
363 371 351
372 357 352
373 372 352
375 365 353
374 375 353
376 360 354
377 376 354
379 363 355
378 379 355
380 362 356
381 380 356
382 367 357
372 382 357
374 353 358
383 374 358
373 352 359
386 373 359
387 368 360
376 387 360
377 354 361
390 377 361
391 370 362
380 391 362
384 371 363
379 384 363
381 356 364
385 381 364
388 369 365
375 388 365
378 355 366
389 378 366
383 358 367
392 383 367
382 392 367
386 359 368
393 386 368
387 393 368
389 366 369
394 389 369
388 394 369
390 361 370
395 390 370
391 395 370
385 364 371
396 385 371
384 396 371
402 382 372
397 402 372
397 372 373
403 397 373
398 375 374
404 398 374
405 388 375
398 405 375
406 387 376
399 406 376
399 376 377
407 399 377
400 379 378
408 400 378
409 384 379
400 409 379
411 391 380
401 411 380
401 380 381
410 401 381
412 392 382
402 412 382
404 374 383
413 404 383
418 396 384
409 418 384
410 381 385
419 410 385
403 373 386
414 403 386
415 393 387
406 415 387
416 394 388
405 416 388
408 378 389
420 408 389
407 377 390
417 407 390
421 395 391
411 421 391
413 383 392
422 413 392
412 422 392
414 386 393
423 414 393
415 423 393
420 389 394
426 420 394
416 426 394
417 390 395
424 417 395
421 424 395
419 385 396
425 419 396
418 425 396
427 402 397
428 427 397
430 405 398
429 430 398
431 406 399
432 431 399
434 409 400
433 434 400
435 411 401
436 435 401
437 412 402
427 437 402
428 397 403
438 428 403
429 398 404
446 429 404
439 416 405
430 439 405
440 415 406
431 440 406
432 399 407
441 432 407
433 400 408
442 433 408
443 418 409
434 443 409
436 401 410
445 436 410
444 421 411
435 444 411
447 422 412
437 447 412
446 404 413
448 446 413
438 403 414
449 438 414
450 423 415
440 450 415
451 426 416
439 451 416
441 407 417
453 441 417
455 425 418
443 455 418
445 410 419
456 445 419
442 408 420
452 442 420
454 424 421
444 454 421
448 413 422
459 448 422
447 459 422
449 414 423
457 449 423
450 457 423
453 417 424
458 453 424
454 458 424
456 419 425
461 456 425
455 461 425
452 420 426
460 452 426
451 460 426
467 437 427
462 467 427
462 427 428
468 462 428
463 430 429
469 463 429
470 439 430
463 470 430
471 440 431
464 471 431
464 431 432
472 464 432
466 434 433
473 466 433
475 443 434
466 475 434
474 444 435
465 474 435
465 435 436
476 465 436
478 447 437
467 478 437
468 428 438
480 468 438
482 451 439
470 482 439
481 450 440
471 481 440
472 432 441
484 472 441
473 433 442
483 473 442
485 455 443
475 485 443
477 454 444
474 477 444
476 436 445
486 476 445
469 429 446
479 469 446
487 459 447
478 487 447
479 446 448
480 438 449
488 457 450
481 488 450
493 460 451
482 493 451
483 442 452
484 441 453
489 458 454
477 489 454
490 461 455
485 490 455
486 445 456
488 498 457
489 500 458
487 497 459
493 499 460
490 501 461
503 502 462
468 503 462
469 504 463
504 505 463
507 506 464
472 507 464
510 509 465
476 510 465
473 508 466
508 511 466
462 502 467
502 512 467
513 503 468
480 513 468
514 504 469
479 514 469
463 505 470
505 515 470
464 506 471
506 516 471
517 507 472
484 517 472
518 508 473
483 518 473
465 509 474
509 519 474
466 511 475
511 521 475
520 510 476
486 520 476
474 519 477
519 524 477
467 512 478
512 526 478
448 491 479
522 514 479
491 522 479
449 492 480
523 513 480
492 523 480
471 516 481
516 527 481
470 515 482
515 528 482
452 496 483
529 518 483
496 529 483
453 494 484
530 517 484
494 530 484
475 521 485
521 531 485
456 495 486
525 520 486
495 525 486
478 526 487
526 539 487
481 527 488
527 537 488
477 524 489
524 538 489
485 531 490
531 541 490
448 459 491
449 457 492
482 528 493
528 540 493
453 458 494
456 461 495
452 460 496
491 459 497
532 491 497
539 532 497
487 539 497
492 457 498
533 492 498
537 533 498
488 537 498
496 460 499
534 496 499
540 534 499
493 540 499
494 458 500
535 494 500
538 535 500
489 538 500
495 461 501
536 495 501
541 536 501
490 541 501
503 542 502
542 552 502
548 542 503
513 548 503
549 545 504
514 549 504
504 545 505
545 553 505
507 543 506
543 554 506
547 543 507
517 547 507
550 544 508
518 550 508
510 546 509
546 556 509
551 546 510
520 551 510
508 544 511
544 555 511
502 552 512
552 558 512
560 548 513
523 560 513
559 549 514
522 559 514
505 553 515
553 561 515
506 554 516
554 564 516
563 547 517
530 563 517
562 550 518
529 562 518
509 556 519
556 565 519
557 551 520
525 557 520
511 555 521
555 566 521
572 559 522
573 560 523
519 565 524
565 579 524
574 557 525
512 558 526
558 575 526
516 564 527
564 581 527
515 561 528
561 576 528
577 562 529
578 563 530
521 566 531
566 580 531
522 491 532
539 567 532
567 572 532
523 492 533
537 569 533
569 573 533
529 496 534
540 570 534
570 577 534
530 494 535
538 571 535
571 578 535
525 495 536
541 568 536
568 574 536
581 569 537
527 581 537
579 571 538
524 579 538
575 567 539
526 575 539
576 570 540
528 576 540
580 568 541
531 580 541
548 582 542
582 587 542
547 583 543
583 589 543
550 586 544
586 590 544
549 585 545
585 588 545
551 584 546
584 591 546
592 583 547
563 592 547
595 582 548
560 595 548
596 585 549
559 596 549
593 586 550
562 593 550
594 584 551
557 594 551
542 587 552
587 597 552
545 588 553
588 599 553
543 589 554
589 598 554
544 590 555
590 600 555
546 591 556
591 601 556
616 594 557
574 616 557
552 597 558
597 620 558
614 596 559
572 614 559
612 595 560
573 612 560
553 599 561
599 621 561
615 593 562
577 615 562
613 592 563
578 613 563
554 598 564
598 617 564
556 601 565
601 618 565
555 600 566
600 619 566
575 603 567
603 604 567
611 607 568
580 611 568
608 602 569
581 608 569
576 609 570
609 610 570
606 605 571
579 606 571
522 532 572
567 604 572
604 614 572
523 533 573
569 602 573
602 612 573
525 536 574
568 607 574
607 616 574
620 603 575
558 620 575
621 609 576
561 621 576
529 534 577
570 610 577
610 615 577
530 535 578
571 605 578
605 613 578
618 606 579
565 618 579
619 611 580
566 619 580
617 608 581
564 617 581
595 634 582
634 639 582
592 627 583
627 637 583
636 317 584
594 636 584
596 631 585
631 640 585
629 320 586
593 629 586
639 312 587
582 639 587
640 309 588
585 640 588
637 314 589
583 637 589
320 311 590
586 320 590
317 307 591
584 317 591
613 623 592
623 627 592
615 625 593
625 629 593
616 626 594
626 636 594
612 624 595
624 634 595
614 622 596
622 631 596
312 305 597
587 312 597
314 304 598
589 314 598
309 302 599
588 309 599
311 303 600
590 311 600
307 301 601
591 307 601
641 632 602
608 641 602
620 315 603
315 638 603
638 628 604
603 638 604
606 319 605
319 630 605
618 310 606
310 319 606
611 318 607
318 633 607
617 308 608
308 641 608
621 306 609
306 316 609
609 316 610
316 635 610
619 313 611
313 318 611
632 624 612
602 632 612
630 623 613
605 630 613
628 622 614
604 628 614
635 625 615
610 635 615
633 626 616
607 633 616
598 304 617
304 308 617
601 301 618
301 310 618
600 303 619
303 313 619
597 305 620
305 315 620
599 302 621
302 306 621
628 280 622
280 297 622
630 278 623
278 300 623
632 279 624
279 298 624
635 277 625
277 296 625
633 276 626
276 299 626
300 288 627
623 300 627
638 270 628
270 280 628
296 287 629
625 296 629
319 267 630
267 278 630
297 285 631
622 297 631
641 269 632
269 279 632
318 266 633
266 276 633
298 290 634
624 298 634
316 268 635
268 277 635
299 282 636
626 299 636
627 288 637
288 289 637
315 263 638
263 270 638
290 286 639
634 290 639
285 284 640
631 285 640
308 265 641
265 269 641
