0 0 1
0.0426295921 0.131200388 0.990438879
-0.111605711 0.0810863003 0.990438879
0.137952268 0 0.990438879
-0.111605711 -0.0810863003 0.990438879
0.0426295921 -0.131200388 0.990438879
-0.0692153051 0.213022828 0.974592447
0.181208044 0.13165535 0.974592447
-0.223985434 0 0.974592447
0.181208044 -0.13165535 0.974592447
-0.0692153051 -0.213022828 0.974592447
0.0844439864 0.259891868 0.961938322
-0.221077204 0.160622001 0.961938322
0.273266464 0 0.961938322
-0.221077204 -0.160622001 0.961938322
0.0844439864 -0.259891868 0.961938322
-0.0271543488 0.346153021 0.93778497
-0.181495279 0.296004593 0.93778497
0.225431979 0.26408273 0.93778497
0.320819914 0.132792488 0.93778497
-0.337602228 0.0811418369 0.93778497
-0.337602228 -0.0811418369 0.93778497
0.320819914 -0.132792488 0.93778497
0.225431979 -0.26408273 0.93778497
-0.181495279 -0.296004593 0.93778497
-0.0271543488 -0.346153021 0.93778497
0.124643683 0.383613795 0.915043473
-0.326321363 0.237086356 0.915043473
0.40335542 0 0.915043473
-0.326321363 -0.237086356 0.915043473
0.124643683 -0.383613795 0.915043473
-0.138196602 0.425325453 0.89442718
0.361803442 0.262865573 0.89442718
-0.44721362 0 0.89442718
0.361803442 -0.262865573 0.89442718
-0.138196602 -0.425325453 0.89442718
0.0122828549 0.468429923 0.883415341
0.265399188 0.386187404 0.883415341
-0.285273194 0.37174809 0.883415341
-0.44170773 0.156434491 0.883415341
-0.44170773 -0.156434491 0.883415341
-0.285273194 -0.37174809 0.883415341
0.265399188 -0.386187404 0.883415341
0.0122828549 -0.468429923 0.883415341
0.449298948 0.133071125 0.883415282
0.449298948 -0.133071125 0.883415282
0.162459865 0.5 0.850650728
-0.425325394 0.309017003 0.850650728
0.525731146 0 0.850650728
-0.425325394 -0.309017003 0.850650728
0.162459865 -0.5 0.850650728
-0.0967771858 0.564254165 0.819909334
-0.253365934 0.513375461 0.819909334
0.409954697 0.399607062 0.819909334
0.506731808 0.266404748 0.819909334
-0.5665434 0.0823235661 0.819909334
-0.5665434 -0.0823236033 0.819909334
0.506731868 -0.266404688 0.819909334
0.409954697 -0.399607003 0.819909334
-0.253365904 -0.513375521 0.819909334
-0.0967771485 -0.564254224 0.819909334
0.0555202626 0.601500988 0.796940506
0.308636546 0.519258499 0.796940506
0.308636576 -0.519258499 0.796940506
0.0555203035 -0.601500988 0.796940506
-0.398470253 0.453990519 0.796940446
-0.554904699 0.238676921 0.796940446
0.58921814 0.133071125 0.796940446
0.58921814 -0.133071095 0.796940446
-0.554904699 -0.238676965 0.796940446
-0.398470223 -0.453990549 0.796940446
0.197169468 0.606825173 0.769991815
-0.516196311 0.375038564 0.769991815
0.638053775 0 0.769991815
-0.516196311 -0.375038564 0.769991815
0.197169468 -0.606825173 0.769991815
-0.210085899 0.646577775 0.733349204
0.550011873 0.399607062 0.733349204
-0.679852128 -3.77544644e-08 0.733349204
0.550011933 -0.399607003 0.733349204
-0.210085794 -0.646577835 0.733349204
-0.0527864397 0.688190937 0.723606825
-0.361803472 0.587785304 0.723606825
0.44721359 0.525731146 0.723606825
0.638196588 0.262865603 0.723606825
-0.670820415 0.162459821 0.723606825
-0.670820415 -0.162459895 0.723606825
0.638196647 -0.262865543 0.723606825
0.44721362 -0.525731087 0.723606825
-0.0527863577 -0.688190997 0.723606825
-0.361803353 -0.587785304 0.723606765
0.0885680243 0.702309847 0.706340253
0.341154307 0.620239615 0.706340253
-0.484460384 0.516121626 0.706340253
-0.640567303 0.301258862 0.706340253
0.695305347 0.132792503 0.706340253
-0.640567303 -0.301258892 0.706340253
0.341154337 -0.620239556 0.706340253
0.0885680541 -0.702309847 0.706340253
0.695305407 -0.132792473 0.706340194
-0.484460354 -0.516121626 0.706340194
0.228108749 0.702046514 0.674608886
-0.597196341 0.433888584 0.674608886
-0.597196341 -0.433888584 0.674608886
0.228108749 -0.702046514 0.674608886
0.738175333 0 0.674608827
-0.159793362 0.757935405 0.632455528
-0.316227823 0.707106769 0.632455528
0.574778736 0.519258499 0.632455528
0.671460569 0.386187464 0.632455528
-0.770218253 0.0822424144 0.632455528
-0.770218253 -0.0822425261 0.632455528
0.671460629 -0.386187375 0.632455528
0.574778795 -0.519258499 0.632455528
-0.316227704 -0.707106829 0.632455528
-0.159793228 -0.757935464 0.632455528
-0.0231141429 0.783451676 0.621022642
-0.441801697 0.647411823 0.621022642
0.737964153 0.26408273 0.621022642
-0.752249479 0.220117033 0.621022642
-0.752249479 -0.220117092 0.621022642
0.737964213 -0.2640827 0.621022642
0.479201078 -0.620239556 0.621022642
-0.441801608 -0.647411883 0.621022642
-0.0231140684 -0.783451676 0.621022642
0.479201019 0.620239615 0.621022582
0.119116738 0.792649269 0.597928405
0.369540095 0.711281776 0.597928405
-0.562274992 0.571251631 0.597928405
-0.717045069 0.358228832 0.597928405
0.790663302 0.13165535 0.597928405
0.790663302 -0.13165535 0.597928405
-0.717045069 -0.358228862 0.597928405
-0.562274933 -0.57125169 0.597928405
0.369540095 -0.711281776 0.597928405
0.119116768 -0.792649269 0.597928405
-0.666776717 0.484441698 0.566325903
-0.666776717 -0.484441698 0.566325903
0.254686087 0.7838431 0.566325843
0.824181378 0 0.566325843
0.254686087 -0.7838431 0.566325843
-0.262865633 0.809017003 0.525731146
0.688190937 0.50000006 0.525731146
-0.850650787 -7.00694613e-08 0.525731146
-0.262865484 -0.809017062 0.525731146
0.688190997 -0.49999994 0.525731087
-0.129151925 0.843911529 0.520704567
-0.391552687 0.75865227 0.520704567
0.600524783 0.606825173 0.520704567
0.762697339 0.383613765 0.520704567
-0.842517614 0.137952194 0.520704567
-0.842517614 -0.137952298 0.520704567
0.762697399 -0.383613706 0.520704567
-0.391552597 -0.758652329 0.520704567
0.600524843 -0.606825054 0.520704508
-0.129151806 -0.843911469 0.520704508
-0.512752414 -0.693780482 0.505720973
0.00703149661 0.862668455 0.505720913
0.501375198 0.702046514 0.505720913
-0.512752473 0.693780422 0.505720913
-0.818273604 0.273266584 0.505720913
0.822619319 0.259891868 0.505720913
0.822619379 -0.259891868 0.505720913
-0.818273604 -0.273266613 0.505720913
0.501375198 -0.702046514 0.505720913
0.00703156414 -0.862668455 0.505720913
0.143080324 0.864929318 0.481066823
-0.778382421 0.4033553 0.481066823
-0.624147117 -0.615642071 0.481066823
0.392638326 -0.78384304 0.481066823
0.392638147 0.7838431 0.481066793
-0.624147296 0.615641952 0.481066793
0.866810918 0.131200388 0.481066793
-0.778382361 -0.403355479 0.481066793
0.143080488 -0.864929318 0.481066793
0.866810977 -0.131200254 0.481066763
0.276393205 0.850650787 0.44721359
-0.723606765 0.525731087 0.44721359
0.89442718 0 0.44721359
-0.723606765 -0.525731087 0.44721359
0.276393205 -0.850650787 0.44721359
-0.203030795 0.891006529 0.406061471
-0.359465271 0.840177834 0.406061471
0.687975764 0.601501048 0.406061471
0.784657598 0.468429893 0.406061471
-0.910137475 0.0822423995 0.406061471
-0.910137475 -0.0822425336 0.406061471
0.784657717 -0.468429804 0.406061471
-0.359465122 -0.840177953 0.406061441
-0.203030631 -0.891006529 0.406061441
0.687975824 -0.601500928 0.406061411
-0.0662610456 0.916244149 0.39510262
-0.484948575 0.780204296 0.39510262
0.592161059 0.702309906 0.39510262
0.850924194 0.346152991 0.39510262
-0.891875744 0.220117018 0.39510262
-0.891875744 -0.220117092 0.39510262
0.850924194 -0.346152961 0.39510262
-0.484948486 -0.780204356 0.39510262
-0.0662609562 -0.916244149 0.39510262
0.592161119 -0.702309847 0.39510259
0.481532782 0.792649209 0.373942971
-0.605052471 0.702906966 0.373942971
-0.605052412 -0.702906966 0.373942971
0.0763393566 -0.924304605 0.373942971
0.0763393193 0.924304605 0.373942941
-0.855475724 0.358228803 0.373942941
0.902656019 0.213022828 0.373942941
0.902656078 -0.213022813 0.373942941
-0.855475724 -0.358228832 0.373942941
0.481532812 -0.792649269 0.373942941
0.366291702 0.864929318 0.343114674
-0.709406316 0.615641952 0.343114674
0.935787022 -0.0810862109 0.343114674
-0.804728866 -0.484441698 0.343114674
0.212056547 -0.915043414 0.343114674
-0.804728985 0.484441638 0.343114555
-0.709406316 -0.615642071 0.343114555
0.212056458 0.915043414 0.343114525
0.935787022 0.0810863003 0.343114525
0.366291761 -0.864929259 0.343114525
-0.296646029 0.912982404 0.280114502
-0.95996654 -6.04071388e-08 0.280114502
0.776629269 -0.564254224 0.280114502
0.77662921 0.564254284 0.280114472
-0.29664591 -0.912982464 0.280114472
-0.94721359 -0.16245991 0.276393265
-0.44721365 0.850650787 0.276393235
0.670820355 0.688191056 0.276393235
0.861803412 -0.425325364 0.276393235
-0.138196543 -0.95105654 0.276393235
-0.138196662 0.95105654 0.276393205
0.861803412 0.425325453 0.276393205
-0.94721359 0.162459791 0.276393205
0.670820415 -0.688190937 0.276393175
-0.447213531 -0.850650847 0.276393175
0.00276239472 -0.966392636 0.257055938
0.00276232697 0.966392636 0.257055908
0.565796494 0.783451676 0.257055908
-0.570266128 0.780204296 0.257055908
0.919947565 0.296004593 0.257055908
0.919947565 -0.296004534 0.257055908
-0.918240309 -0.301258892 0.257055908
-0.918240368 0.301258862 0.257055879
-0.570266068 -0.780204356 0.257055879
0.565796494 -0.783451676 0.257055849
0.300324768 0.924304605 0.235512346
0.300324798 -0.924304605 0.235512346
-0.786260486 0.571251631 0.235512331
0.971871376 1.50971839e-08 0.235512331
-0.786260486 -0.571251631 0.235512331
0.449185967 0.862668455 0.232454449
-0.681640387 0.693780422 0.232454449
0.143664762 -0.961938322 0.232454449
0.143664747 0.961938322 0.232454434
0.959252536 0.160622001 0.232454434
0.959252536 -0.160621971 0.232454434
-0.870462835 -0.433888555 0.232454434
-0.681640387 -0.693780422 0.232454434
0.449185967 -0.862668455 0.232454434
-0.870462835 0.433888555 0.232454419
-0.383206189 0.912982464 0.140057266
-0.986715138 -0.0823236331 0.140057266
-0.226617321 -0.963861287 0.140057266
0.749880672 0.646577895 0.140057251
0.846657932 -0.513375401 0.140057251
-0.226617426 0.963861227 0.140057236
0.846657872 0.513375461 0.140057236
-0.986715138 0.0823235214 0.140057236
0.749880791 -0.646577775 0.140057236
-0.38320604 -0.912982464 0.140057221
-0.96096611 -0.23867698 0.139919296
0.917728722 -0.37174803 0.139919296
-0.0699595809 -0.987688363 0.139919296
-0.52395016 0.840177834 0.139919281
0.637147069 0.757935464 0.139919281
-0.0699596703 0.987688363 0.139919221
-0.96096617 0.238676891 0.139919221
0.917728722 0.37174806 0.139919207
0.637147248 -0.757935405 0.139919207
-0.5239501 -0.840177953 0.139919192
-0.753039241 0.647411883 0.117429622
0.228682399 0.966392636 0.117429614
0.383023322 0.916244149 0.117429614
-0.848427236 -0.516121686 0.117429614
-0.753039241 -0.647411883 0.117429614
0.228682429 -0.966392577 0.117429614
-0.848427236 0.516121626 0.117429607
0.989760697 0.0811418518 0.117429607
0.989760697 -0.0811417922 0.117429607
0.383023381 -0.916244149 0.117429607
-0.640839994 0.75865227 0.117349252
-0.919551671 -0.375038594 0.117349252
0.523490727 0.843911469 0.117349245
0.964375019 -0.237086281 0.117349245
0.0725258291 -0.990438819 0.117349245
-0.919551671 0.375038564 0.117349148
-0.640839934 -0.758652329 0.117349148
0.523490787 -0.843911469 0.117349148
0.0725257546 0.990438819 0.11734914
0.964375019 0.237086326 0.11734914
0.587785244 0.809017062 7.00694684e-08
-0.95105654 -0.309017032 7.00694684e-08
-0.587785244 0.809017003 7.00694613e-08
0.95105648 -0.309016943 7.00694613e-08
3.50347307e-08 -1 7.00694613e-08
-0.987688363 -0.156434521 3.54714516e-08
0.453990459 0.891006589 3.5471448e-08
0.891006589 -0.453990519 3.5471448e-08
-0.891006529 -0.453990549 3.5471448e-08
0.707106709 0.707106829 3.54714444e-08
-0.707106769 0.707106769 3.54714444e-08
0.156434506 -0.987688363 3.54714444e-08
-0.453990519 0.891006529 3.54714409e-08
0.987688363 -0.156434417 3.54714409e-08
-0.156434432 -0.987688363 3.54714409e-08
-1 -4.70040256e-08 3.73554447e-15
0.309016943 0.95105654 3.73554405e-15
-0.309017032 0.95105654 0
0.809016943 0.587785304 0
-0.809017003 0.587785244 0
0 0 -1
-0.0426295921 -0.131200388 -0.990438879
0.111605711 -0.0810863003 -0.990438879
-0.137952268 0 -0.990438879
0.111605711 0.0810863003 -0.990438879
-0.0426295921 0.131200388 -0.990438879
0.0692153051 -0.213022828 -0.974592447
-0.181208044 -0.13165535 -0.974592447
0.223985434 0 -0.974592447
-0.181208044 0.13165535 -0.974592447
0.0692153051 0.213022828 -0.974592447
-0.0844439864 -0.259891868 -0.961938322
0.221077204 -0.160622001 -0.961938322
-0.273266464 0 -0.961938322
0.221077204 0.160622001 -0.961938322
-0.0844439864 0.259891868 -0.961938322
0.0271543488 -0.346153021 -0.93778497
0.181495279 -0.296004593 -0.93778497
-0.225431979 -0.26408273 -0.93778497
-0.320819914 -0.132792488 -0.93778497
0.337602228 -0.0811418369 -0.93778497
0.337602228 0.0811418369 -0.93778497
-0.320819914 0.132792488 -0.93778497
-0.225431979 0.26408273 -0.93778497
0.181495279 0.296004593 -0.93778497
0.0271543488 0.346153021 -0.93778497
-0.124643683 -0.383613795 -0.915043473
0.326321363 -0.237086356 -0.915043473
-0.40335542 0 -0.915043473
0.326321363 0.237086356 -0.915043473
-0.124643683 0.383613795 -0.915043473
0.138196602 -0.425325453 -0.89442718
-0.361803442 -0.262865573 -0.89442718
0.44721362 0 -0.89442718
-0.361803442 0.262865573 -0.89442718
0.138196602 0.425325453 -0.89442718
-0.0122828549 -0.468429923 -0.883415341
-0.265399188 -0.386187404 -0.883415341
0.285273194 -0.37174809 -0.883415341
0.44170773 -0.156434491 -0.883415341
0.44170773 0.156434491 -0.883415341
0.285273194 0.37174809 -0.883415341
-0.265399188 0.386187404 -0.883415341
-0.0122828549 0.468429923 -0.883415341
-0.449298948 -0.133071125 -0.883415282
-0.449298948 0.133071125 -0.883415282
-0.162459865 -0.5 -0.850650728
0.425325394 -0.309017003 -0.850650728
-0.525731146 0 -0.850650728
0.425325394 0.309017003 -0.850650728
-0.162459865 0.5 -0.850650728
0.0967771858 -0.564254165 -0.819909334
0.253365934 -0.513375461 -0.819909334
-0.409954697 -0.399607062 -0.819909334
-0.506731808 -0.266404748 -0.819909334
0.5665434 -0.0823235661 -0.819909334
0.5665434 0.0823236033 -0.819909334
-0.506731868 0.266404688 -0.819909334
-0.409954697 0.399607003 -0.819909334
0.253365904 0.513375521 -0.819909334
0.0967771485 0.564254224 -0.819909334
-0.0555202626 -0.601500988 -0.796940506
-0.308636546 -0.519258499 -0.796940506
-0.308636576 0.519258499 -0.796940506
-0.0555203035 0.601500988 -0.796940506
0.398470253 -0.453990519 -0.796940446
0.554904699 -0.238676921 -0.796940446
-0.58921814 -0.133071125 -0.796940446
-0.58921814 0.133071095 -0.796940446
0.554904699 0.238676965 -0.796940446
0.398470223 0.453990549 -0.796940446
-0.197169468 -0.606825173 -0.769991815
0.516196311 -0.375038564 -0.769991815
-0.638053775 0 -0.769991815
0.516196311 0.375038564 -0.769991815
-0.197169468 0.606825173 -0.769991815
0.210085899 -0.646577775 -0.733349204
-0.550011873 -0.399607062 -0.733349204
0.679852128 3.77544644e-08 -0.733349204
-0.550011933 0.399607003 -0.733349204
0.210085794 0.646577835 -0.733349204
0.0527864397 -0.688190937 -0.723606825
0.361803472 -0.587785304 -0.723606825
-0.44721359 -0.525731146 -0.723606825
-0.638196588 -0.262865603 -0.723606825
0.670820415 -0.162459821 -0.723606825
0.670820415 0.162459895 -0.723606825
-0.638196647 0.262865543 -0.723606825
-0.44721362 0.525731087 -0.723606825
0.0527863577 0.688190997 -0.723606825
0.361803353 0.587785304 -0.723606765
-0.0885680243 -0.702309847 -0.706340253
-0.341154307 -0.620239615 -0.706340253
0.484460384 -0.516121626 -0.706340253
0.640567303 -0.301258862 -0.706340253
-0.695305347 -0.132792503 -0.706340253
0.640567303 0.301258892 -0.706340253
-0.341154337 0.620239556 -0.706340253
-0.0885680541 0.702309847 -0.706340253
-0.695305407 0.132792473 -0.706340194
0.484460354 0.516121626 -0.706340194
-0.228108749 -0.702046514 -0.674608886
0.597196341 -0.433888584 -0.674608886
0.597196341 0.433888584 -0.674608886
-0.228108749 0.702046514 -0.674608886
-0.738175333 0 -0.674608827
0.159793362 -0.757935405 -0.632455528
0.316227823 -0.707106769 -0.632455528
-0.574778736 -0.519258499 -0.632455528
-0.671460569 -0.386187464 -0.632455528
0.770218253 -0.0822424144 -0.632455528
0.770218253 0.0822425261 -0.632455528
-0.671460629 0.386187375 -0.632455528
-0.574778795 0.519258499 -0.632455528
0.316227704 0.707106829 -0.632455528
0.159793228 0.757935464 -0.632455528
0.0231141429 -0.783451676 -0.621022642
0.441801697 -0.647411823 -0.621022642
-0.737964153 -0.26408273 -0.621022642
0.752249479 -0.220117033 -0.621022642
0.752249479 0.220117092 -0.621022642
-0.737964213 0.2640827 -0.621022642
-0.479201078 0.620239556 -0.621022642
0.441801608 0.647411883 -0.621022642
0.0231140684 0.783451676 -0.621022642
-0.479201019 -0.620239615 -0.621022582
-0.119116738 -0.792649269 -0.597928405
-0.369540095 -0.711281776 -0.597928405
0.562274992 -0.571251631 -0.597928405
0.717045069 -0.358228832 -0.597928405
-0.790663302 -0.13165535 -0.597928405
-0.790663302 0.13165535 -0.597928405
0.717045069 0.358228862 -0.597928405
0.562274933 0.57125169 -0.597928405
-0.369540095 0.711281776 -0.597928405
-0.119116768 0.792649269 -0.597928405
0.666776717 -0.484441698 -0.566325903
0.666776717 0.484441698 -0.566325903
-0.254686087 -0.7838431 -0.566325843
-0.824181378 0 -0.566325843
-0.254686087 0.7838431 -0.566325843
0.262865633 -0.809017003 -0.525731146
-0.688190937 -0.50000006 -0.525731146
0.850650787 7.00694613e-08 -0.525731146
0.262865484 0.809017062 -0.525731146
-0.688190997 0.49999994 -0.525731087
0.129151925 -0.843911529 -0.520704567
0.391552687 -0.75865227 -0.520704567
-0.600524783 -0.606825173 -0.520704567
-0.762697339 -0.383613765 -0.520704567
0.842517614 -0.137952194 -0.520704567
0.842517614 0.137952298 -0.520704567
-0.762697399 0.383613706 -0.520704567
0.391552597 0.758652329 -0.520704567
-0.600524843 0.606825054 -0.520704508
0.129151806 0.843911469 -0.520704508
0.512752414 0.693780482 -0.505720973
-0.00703149661 -0.862668455 -0.505720913
-0.501375198 -0.702046514 -0.505720913
0.512752473 -0.693780422 -0.505720913
0.818273604 -0.273266584 -0.505720913
-0.822619319 -0.259891868 -0.505720913
-0.822619379 0.259891868 -0.505720913
0.818273604 0.273266613 -0.505720913
-0.501375198 0.702046514 -0.505720913
-0.00703156414 0.862668455 -0.505720913
-0.143080324 -0.864929318 -0.481066823
0.778382421 -0.4033553 -0.481066823
0.624147117 0.615642071 -0.481066823
-0.392638326 0.78384304 -0.481066823
-0.392638147 -0.7838431 -0.481066793
0.624147296 -0.615641952 -0.481066793
-0.866810918 -0.131200388 -0.481066793
0.778382361 0.403355479 -0.481066793
-0.143080488 0.864929318 -0.481066793
-0.866810977 0.131200254 -0.481066763
-0.276393205 -0.850650787 -0.44721359
0.723606765 -0.525731087 -0.44721359
-0.89442718 0 -0.44721359
0.723606765 0.525731087 -0.44721359
-0.276393205 0.850650787 -0.44721359
0.203030795 -0.891006529 -0.406061471
0.359465271 -0.840177834 -0.406061471
-0.687975764 -0.601501048 -0.406061471
-0.784657598 -0.468429893 -0.406061471
0.910137475 -0.0822423995 -0.406061471
0.910137475 0.0822425336 -0.406061471
-0.784657717 0.468429804 -0.406061471
0.359465122 0.840177953 -0.406061441
0.203030631 0.891006529 -0.406061441
-0.687975824 0.601500928 -0.406061411
0.0662610456 -0.916244149 -0.39510262
0.484948575 -0.780204296 -0.39510262
-0.592161059 -0.702309906 -0.39510262
-0.850924194 -0.346152991 -0.39510262
0.891875744 -0.220117018 -0.39510262
0.891875744 0.220117092 -0.39510262
-0.850924194 0.346152961 -0.39510262
0.484948486 0.780204356 -0.39510262
0.0662609562 0.916244149 -0.39510262
-0.592161119 0.702309847 -0.39510259
-0.481532782 -0.792649209 -0.373942971
0.605052471 -0.702906966 -0.373942971
0.605052412 0.702906966 -0.373942971
-0.0763393566 0.924304605 -0.373942971
-0.0763393193 -0.924304605 -0.373942941
0.855475724 -0.358228803 -0.373942941
-0.902656019 -0.213022828 -0.373942941
-0.902656078 0.213022813 -0.373942941
0.855475724 0.358228832 -0.373942941
-0.481532812 0.792649269 -0.373942941
-0.366291702 -0.864929318 -0.343114674
0.709406316 -0.615641952 -0.343114674
-0.935787022 0.0810862109 -0.343114674
0.804728866 0.484441698 -0.343114674
-0.212056547 0.915043414 -0.343114674
0.804728985 -0.484441638 -0.343114555
0.709406316 0.615642071 -0.343114555
-0.212056458 -0.915043414 -0.343114525
-0.935787022 -0.0810863003 -0.343114525
-0.366291761 0.864929259 -0.343114525
0.296646029 -0.912982404 -0.280114502
0.95996654 6.04071388e-08 -0.280114502
-0.776629269 0.564254224 -0.280114502
-0.77662921 -0.564254284 -0.280114472
0.29664591 0.912982464 -0.280114472
0.94721359 0.16245991 -0.276393265
0.44721365 -0.850650787 -0.276393235
-0.670820355 -0.688191056 -0.276393235
-0.861803412 0.425325364 -0.276393235
0.138196543 0.95105654 -0.276393235
0.138196662 -0.95105654 -0.276393205
-0.861803412 -0.425325453 -0.276393205
0.94721359 -0.162459791 -0.276393205
-0.670820415 0.688190937 -0.276393175
0.447213531 0.850650847 -0.276393175
-0.00276239472 0.966392636 -0.257055938
-0.00276232697 -0.966392636 -0.257055908
-0.565796494 -0.783451676 -0.257055908
0.570266128 -0.780204296 -0.257055908
-0.919947565 -0.296004593 -0.257055908
-0.919947565 0.296004534 -0.257055908
0.918240309 0.301258892 -0.257055908
0.918240368 -0.301258862 -0.257055879
0.570266068 0.780204356 -0.257055879
-0.565796494 0.783451676 -0.257055849
-0.300324768 -0.924304605 -0.235512346
-0.300324798 0.924304605 -0.235512346
0.786260486 -0.571251631 -0.235512331
-0.971871376 -1.50971839e-08 -0.235512331
0.786260486 0.571251631 -0.235512331
-0.449185967 -0.862668455 -0.232454449
0.681640387 -0.693780422 -0.232454449
-0.143664762 0.961938322 -0.232454449
-0.143664747 -0.961938322 -0.232454434
-0.959252536 -0.160622001 -0.232454434
-0.959252536 0.160621971 -0.232454434
0.870462835 0.433888555 -0.232454434
0.681640387 0.693780422 -0.232454434
-0.449185967 0.862668455 -0.232454434
0.870462835 -0.433888555 -0.232454419
0.383206189 -0.912982464 -0.140057266
0.986715138 0.0823236331 -0.140057266
0.226617321 0.963861287 -0.140057266
-0.749880672 -0.646577895 -0.140057251
-0.846657932 0.513375401 -0.140057251
0.226617426 -0.963861227 -0.140057236
-0.846657872 -0.513375461 -0.140057236
0.986715138 -0.0823235214 -0.140057236
-0.749880791 0.646577775 -0.140057236
0.38320604 0.912982464 -0.140057221
0.96096611 0.23867698 -0.139919296
-0.917728722 0.37174803 -0.139919296
0.0699595809 0.987688363 -0.139919296
0.52395016 -0.840177834 -0.139919281
-0.637147069 -0.757935464 -0.139919281
0.0699596703 -0.987688363 -0.139919221
0.96096617 -0.238676891 -0.139919221
-0.917728722 -0.37174806 -0.139919207
-0.637147248 0.757935405 -0.139919207
0.5239501 0.840177953 -0.139919192
0.753039241 -0.647411883 -0.117429622
-0.228682399 -0.966392636 -0.117429614
-0.383023322 -0.916244149 -0.117429614
0.848427236 0.516121686 -0.117429614
0.753039241 0.647411883 -0.117429614
-0.228682429 0.966392577 -0.117429614
0.848427236 -0.516121626 -0.117429607
-0.989760697 -0.0811418518 -0.117429607
-0.989760697 0.0811417922 -0.117429607
-0.383023381 0.916244149 -0.117429607
0.640839994 -0.75865227 -0.117349252
0.919551671 0.375038594 -0.117349252
-0.523490727 -0.843911469 -0.117349245
-0.964375019 0.237086281 -0.117349245
-0.0725258291 0.990438819 -0.117349245
0.919551671 -0.375038564 -0.117349148
0.640839934 0.758652329 -0.117349148
-0.523490787 0.843911469 -0.117349148
-0.0725257546 -0.990438819 -0.11734914
-0.964375019 -0.237086326 -0.11734914
-0.587785244 -0.809017062 -7.00694684e-08
0.95105654 0.309017032 -7.00694684e-08
0.587785244 -0.809017003 -7.00694613e-08
-0.95105648 0.309016943 -7.00694613e-08
-3.50347307e-08 1 -7.00694613e-08
0.987688363 0.156434521 -3.54714516e-08
-0.453990459 -0.891006589 -3.5471448e-08
-0.891006589 0.453990519 -3.5471448e-08
0.891006529 0.453990549 -3.5471448e-08
-0.707106709 -0.707106829 -3.54714444e-08
0.707106769 -0.707106769 -3.54714444e-08
-0.156434506 0.987688363 -3.54714444e-08
0.453990519 -0.891006529 -3.54714409e-08
-0.987688363 0.156434417 -3.54714409e-08
0.156434432 0.987688363 -3.54714409e-08
1 4.70040256e-08 -3.73554447e-15
-0.309016943 -0.95105654 -3.73554405e-15
0.309017032 -0.95105654 0
-0.809016943 -0.587785304 0
0.809017003 -0.587785244 0
